camdistance -17.41
screensize 640 480
xylimit 20.0 20.0
startposition -9.0 -9.0
obstacle -5.0 4.0 0 2.0 4.0 0
obstacle 5.0 4.0 0 2.0 4.0 0
obstacle 0 -4.0 0 12.0 4.0 0
navpolygon 4 -10.0 10.0 -6.0 10.0 -6.0 6.0 -10.0 6.0
navpolygon 4 -6.0 10.0 -6.0 6.0 -4.0 6.0 -4.0 10.0
navpolygon 4 -4.0 6.0 -4.0 10.0 4.0 10.0 4.0 6.0
navpolygon 4 4.0 10.0 4.0 6.0 6.0 6.0 6.0 10.0
navpolygon 4 6.0 6.0 10.0 6.0 10.0 10.0 6.0 10.0
navpolygon 4 -10.0 6.0 -6.0 6.0 -6.0 2.0 -10.0 2.0
navpolygon 4 -4.0 2.0 -4.0 6.0 4.0 6.0 4.0 2.0
navpolygon 4 6.0 2.0 10.0 2.0 10.0 6.0 6.0 6.0
navpolygon 4 -10.0 2.0 -6.0 2.0 -6.0 -2.0 -10.0 -2.0
navpolygon 4 -6.0 2.0 -6.0 -2.0 -4.0 -2.0 -4.0 2.0
navpolygon 4 -4.0 -2.0 -4.0 2.0 4.0 2.0 4.0 -2.0
navpolygon 4 -4.0 -2.0 -4.0 2.0 4.0 2.0 4.0 -2.0
navpolygon 4 4.0 2.0 4.0 -2.0 6.0 -2.0 6.0 2.0
navpolygon 4 6.0 -2.0 10.0 -2.0 10.0 2.0 6.0 2.0
navpolygon 4 -10.0 -2.0 -6.0 -2.0 -6.0 -6.0 -10.0 -6.0
navpolygon 4 6.0 -6.0 10.0 -6.0 10.0 -2.0 6.0 -2.0
navpolygon 4 -10.0 -6.0 -6.0 -6.0 -6.0 -10.0 -10.0 -10.0
navpolygon 4 -6.0 -6.0 -6.0 -10.0 -4.0 -10.0 -4.0 -6.0
navpolygon 4 -4.0 -10.0 -4.0 -6.0 4.0 -6.0 4.0 -10.0
navpolygon 4 4.0 -6.0 4.0 -10.0 6.0 -10.0 6.0 -6.0
navpolygon 4 6.0 -10.0 10.0 -10.0 10.0 -6.0 6.0 -6.0